{"centroid": [-0.04404309252217997, 0.16539923954372623, -0.050783071115729765, 0.04182509505703422, 0.8269961977186312, 0.5209125475285171, 0.08729818645931607, 0.05594730958502676, 0.026996908994361083, -0.007552172580690497, 0.06159296083188919, 0.11371290631301878, 0.021863117870722433, 0.058007389548519375, 0.2115194660447405, 0.23669201520912547, 0.5938582522011576, 0.06822189986088045, 0.5780435876190326, 0.45322777397197367, 0.0, 0.10645020176485108, 0.04716380710576932, 0.029467680608365018, 0.40153146521450944, -0.014744981716694923, 0.038967599418134206, -0.05432786495822373, 0.11728102691164692], "cov_inv": [[45.27862877622307, 5.11221897051979, 5.0616817600381125, 1.4695813881908595, 3.527524147037154, 7.929803734564586, 4.500609509271095, 8.57637531681998, 0.31931397952871965, -0.541190407504431, -8.680495164926588, 6.245487084855737, 3.5981003311319584, -18.09410629866959, 1.5393792420942858, 1.7091025450154036, 0.11722144049514148, -3.269007594725277, 1.1351354193496392, -0.3432661198697394, 0.0, -6.401774762005941, 6.726208428963843, -20.135414793579614, -0.021577524573215462, -11.672077324453246, -8.18606463557467, -0.15658466884836014, 4.623990891156233], [5.112218970519757, 23.8822359510567, -5.012534735163069, 7.491093293269392, 0.7884278848226329, -2.6553583706598003, -9.234735284069178, -9.150141915030517, -1.8473633227077706, -1.0739426131629626, 4.86861873404143, 0.6046543854189287, 2.420386149345752, 0.07652846573290478, 2.0572072487582878, 0.2435912744052267, -0.03905797275536722, 1.2132612755869376, 0.14621052562953327, 0.22730556766989446, 0.0, 0.15084112909347386, 5.114000179217161, -0.42259863100679884, -0.22628088031393906, 5.691673936745225, 7.349517087188222, 0.4910979210446897, 0.7778983864829908], [5.06168176003813, -5.012534735163067, 31.686934978799002, -16.123393044410804, 0.03719534913069287, 2.509685939366081, 1.70725070323226, 1.5552976202378241, 0.2980666130387649, -0.7148264676132193, 0.08067118454527661, -1.5166935901542427, 4.4521597215793625, -2.0771596337576437, -0.30213352916139863, 0.4132967140953482, -0.34603148121452265, -0.3976155950450165, 0.6616544023420093, 0.6214143256667144, 0.0, -0.6912594625410191, -0.8452298380973089, -1.9071681974639942, 0.5497451396631827, -1.5283984579525727, -35.260827999294115, -0.04136540353390618, -1.1503905598403572], [1.4695813881908115, 7.4910932932694, -16.123393044410715, 66.50168646614512, -0.3295522995356616, -21.150433724317164, -0.9171178402641827, -13.146902200131223, -1.951604357622474, 0.11747693236708293, 0.273216632894839, -1.3873784472170652, -7.632656599464756, 1.9618748021012715, 2.8428840987388995, -3.3648523734006823, 3.266343805989961, 5.831944999767691, -1.8981220200724827, 0.6448343442049937, 0.0, 0.10024651946488818, 0.06888525841455267, -0.6823521641169865, -1.0795475557663894, -17.20551025605747, 23.116509450107984, 0.06850880089659182, 20.808661865219804], [3.527524147037151, 0.7884278848226361, 0.03719534913068987, -0.329552299535662, 2.757799035363588, 1.5269568272534546, -0.913915515813378, 2.0551684531951837, 0.49043810449724723, -0.0013980241604693079, -1.8926590569216983, 2.9918424050446695, -1.2827223200896176, -0.7295065535488134, -0.6725282491494686, 0.22147316854081045, -1.2093428241935917, -0.9111808920455543, -0.3140991624352235, -0.013189995656118609, 0.0, 0.32724436655707406, 0.057523901016425225, -1.3491092588786904, -0.07781662559133366, -2.616293888382575, -0.5843451233428125, -0.9177767526165552, 0.7056407973296889], [7.929803734564591, -2.6553583706597914, 2.5096859393660327, -21.150433724317114, 1.5269568272534524, 18.170795068262255, 5.728907867371738, 0.8344081996112278, -0.8605429813081173, 0.6921249154445892, -6.529209344616299, 3.412377744324516, 2.078517222774628, -7.6862705474847, -0.00027320645921431166, 1.2093362796972886, -2.385848815956894, -5.731548640972799, 0.7114802392895723, -1.4269192632602985, 0.0, -0.19512556684833893, -1.3443704275922739, -6.855165190479983, -0.09114062763324268, 6.448818964155792, -6.596116384880394, -0.9494802224201342, -6.532853226473266], [4.5006095092710945, -9.23473528406916, 1.7072507032322446, -0.9171178402641402, -0.913915515813379, 5.728907867371724, 13.790928489032247, -0.6486710373992318, -0.6574872370040507, 0.9939720553207974, -8.787317352430312, -0.05191229123957192, -2.6087556242505023, -4.8080032672360975, 0.7799373208199113, 0.11849413148840307, 0.6121609187557863, -3.021266709480945, 0.34321459725482867, -0.6670408248255183, -0.0, -0.48166945415184, 0.4381001173719123, -8.220159280342695, 0.033323365440128316, 0.3982403173216783, -1.8981662595198023, 0.14779587876933817, -1.5098637837636721], [8.576375316820005, -9.150141915030494, 1.555297620237843, -13.146902200131242, 2.0551684531951913, 0.8344081996112431, -0.6486710373992343, 39.14244846588951, 8.455013372839394, -1.1040417721268891, -0.7626533403144306, -0.0325122801896701, 1.5216103143543402, -0.3871470575204275, -0.06884231107456411, 2.04963101395922, 0.6848342715614485, 0.5465177489763874, 0.6461791838340624, 0.4877463212403311, -0.0, -0.011533231150514531, 1.7091218620760105, -2.903072306205638, 0.42308646305695113, -28.13784240430957, -5.107314348346718, -0.6162180489470267, 0.9740328027338251], [0.31931397952872204, -1.8473633227077624, 0.29806661303876586, -1.951604357622483, 0.49043810449724823, -0.8605429813081111, -0.6574872370040514, 8.455013372839385, 5.728174603849119, 0.12469656818197357, -1.1162282891341566, 0.46462389129276976, -0.2323028228523252, 0.27140114304241847, 1.2038258731419968, 0.228278640589, 0.8002842329637451, -1.078797897050105, -0.09065083652218517, 0.3108922010258735, 0.0, 0.32686458141817454, -0.11810422021838088, -1.014113129708671, -0.17086709615642795, -3.9197360983322564, -1.2674282249135447, 0.02173496144380319, 1.1015750720138922], [-0.5411904075044304, -1.0739426131629597, -0.714826467613226, 0.11747693236709424, -0.0013980241604682811, 0.6921249154445873, 0.9939720553207967, -1.1040417721268885, 0.12469656818197393, 3.9369336827708965, -1.2431509828950102, 0.9330783033205132, -0.7234653898178196, -0.7706185845268558, 0.5707448660764479, 0.053278818758041, 1.4763681407204845, -0.7349094336633004, 0.5419110751144313, -0.06583445363968307, 0.0, -0.8226817206323936, -1.0649889969277933, -0.157018276836155, 0.013274907658013644, 1.1046678361766782, 0.6747023150627645, -0.20238454033938794, -0.11204715846750937], [-8.68049516492659, 4.86861873404141, 0.08067118454529926, 0.2732166328947962, -1.8926590569216957, -6.529209344616291, -8.787317352430314, -0.7626533403144247, -1.1162282891341553, -1.2431509828950102, 15.037825463851204, -4.636407946687518, 1.9997181115822362, 5.030490892455689, -2.405084605476582, 0.41298325672994385, -3.056240991345952, 6.529089085932358, 0.9549602899069763, 0.19789215627066797, 0.0, 0.6611992248070716, -0.5217061642967429, 10.448629018811365, 0.7780800021605101, -1.6902929019942512, 0.3675001532045424, 0.03525620435274343, 0.3462759469873159], [6.245487084855739, 0.6046543854189218, -1.5166935901542526, -1.3873784472170556, 2.99184240504467, 3.412377744324521, -0.051912291239560995, -0.03251228018967671, 0.46462389129276765, 0.933078303320511, -4.63640794668753, 12.73239869905802, -2.4507538306350387, -2.4862402817428197, -4.061615006760101, -0.42330101348908333, -2.9450789104099173, -2.138828852116113, -0.11068661261489811, -0.20229925249112976, 0.0, 2.2447557645724907, 0.1714046962070828, -3.046906056903468, -0.09532008091281906, -1.5592722358516171, 1.197247654596249, 0.09030446225642053, 1.0997219868491195], [3.5981003311319566, 2.4203861493457577, 4.452159721579354, -7.6326565994647675, -1.2827223200896176, 2.078517222774639, -2.6087556242504997, 1.521610314354333, -0.23230282285232673, -0.7234653898178178, 1.999718111582236, -2.450753830635036, 54.10642106869816, 0.04526451462403314, 1.4248509637716336, 1.0354984915231669, 0.44490907323954126, -3.717034282458186, 0.6507128902617246, -0.07159686402664577, 0.0, -1.6585440497751973, 0.17789168323132082, -1.2158254192725586, 0.6142982136568286, 3.729044477635417, -5.721436558281812, -0.6323945301195784, -1.9996963551892557], [-18.094106298669594, 0.0765284657328868, -2.077159633757628, 1.96187480210123, -0.7295065535488152, -7.686270547484688, -4.808003267236093, -0.3871470575204192, 0.2714011430424194, -0.7706185845268558, 5.030490892455686, -2.486240281742816, 0.045264514624035836, 19.26817702109101, -1.0509750961127622, -1.2045535796093298, -0.12944972200517618, 0.1607609142939265, -0.8136530026820602, 0.22798768469533373, 0.0, 0.6801622859746249, 0.24407115938179985, 3.160971649783561, 0.28233523443799263, 2.3383851519536534, 4.33483291716472, -0.6111014958506349, 0.019491719649559924], [1.5393792420942773, 2.057207248758307, -0.3021335291614038, 2.84288409873891, -0.6725282491494695, -0.00027320645922457656, 0.7799373208198984, -0.06884231107456738, 1.2038258731419973, 0.5707448660764479, -2.4050846054765675, -4.061615006760103, 1.424850963771635, -1.0509750961127555, 7.997164029811272, 0.5371885945249245, 3.740502848087276, -1.3847034416355581, 0.6754006992423218, -0.017373900574736537, 0.0, 0.022159930528988427, 0.5533424799812183, -2.0546961195208926, -0.19478311542073568, -1.0446713019356892, -0.025840511397615114, 1.2319012555303244, 0.6988606650449231], [1.7091025450154067, 0.24359127440522854, 0.4132967140953463, -3.3648523734006752, 0.2214731685408109, 1.2093362796972873, 0.11849413148840243, 2.0496310139592215, 0.22827864058900063, 0.05327881875804135, 0.41298325672994457, -0.4233010134890836, 1.0354984915231666, -1.2045535796093307, 0.5371885945249254, 5.388858672764029, -0.07800678661244294, 0.40334401297227085, 0.3954952444097511, -0.26569148146626703, 0.0, -1.1933770083068465, -0.4156126862946931, 0.4906950534822399, 0.4843112781326693, -1.6952583888367436, -0.9631984405080052, 0.004071167059049681, -1.766021075033069], [0.11722144049514546, -0.03905797275535805, -0.3460314812145163, 3.2663438059899628, -1.2093428241935904, -2.3858488159568974, 0.6121609187557792, 0.6848342715614547, 0.8002842329637473, 1.4763681407204858, -3.0562409913459456, -2.9450789104099173, 0.4449090732395441, -0.12944972200517463, 3.7405028480872775, -0.07800678661244281, 6.831884780244789, -1.0105016910717424, -0.6063355200056285, 0.1244439203518389, 0.0, -0.6346133546153367, 1.1692456157728186, -0.5211643569976631, -0.15855146092362904, -0.3335003105498591, 0.6577700295037968, 1.8930716455357146, 0.2959185352724635], [-3.2690075947252737, 1.2132612755869308, -0.3976155950449917, 5.8319449997676776, -0.9111808920455513, -5.731548640972805, -3.021266709480952, 0.5465177489764016, -1.0787978970501009, -0.7349094336633012, 6.529089085932361, -2.138828852116105, -3.717034282458184, 0.1607609142939303, -1.3847034416355646, 0.40334401297226996, -1.0105016910717444, 10.136332086841314, -0.6481930890462698, 0.4511635681093272, 0.0, 1.29222656486062, 0.4844037454810438, 6.3862753947095, 0.5226796474174278, -7.3441315858642255, 0.5039062437176683, 1.5579305232295042, 2.4892125307116197], [1.1351354193496406, 0.1462105256295327, 0.6616544023420062, -1.898122020072482, -0.3140991624352229, 0.7114802392895742, 0.3432145972548293, 0.6461791838340599, -0.09065083652218546, 0.5419110751144319, 0.9549602899069759, -0.11068661261489636, 0.6507128902617242, -0.8136530026820615, 0.6754006992423205, 0.395495244409751, -0.6063355200056303, -0.6481930890462702, 3.3314374722204874, -0.32101565544137145, 0.0, 0.39756976583021164, 0.1817708145003786, -1.2897875749900092, -0.05019179811110422, -0.7354964876335631, -0.9520214809686617, 0.2503153914289012, -0.07906634180346939], [-0.3432661198697371, 0.22730556766989427, 0.6214143256667174, 0.6448343442049838, -0.01318999565611807, -1.4269192632602947, -0.6670408248255184, 0.4877463212403331, 0.31089220102587417, -0.06583445363968332, 0.19789215627066808, -0.2022992524911284, -0.0715968640266446, 0.22798768469533184, -0.01737390057473702, -0.26569148146626675, 0.1244439203518376, 0.4511635681093264, -0.321015655441371, 2.1236055767211055, 0.0, -0.11105497127864085, -0.6043040039595811, -0.7280162087357172, -0.3548566312547693, -0.6968673539163146, -0.8087227812124611, -0.01729327815653375, 0.39192386870875756], [0.0, 0.0, 0.0, 0.0, 0.0, 0.0, 0.0, 0.0, 0.0, 0.0, 0.0, 0.0, 0.0, 0.0, 0.0, 0.0, 0.0, 0.0, 0.0, 0.0, 99999.99999999999, 0.0, 0.0, 0.0, 0.0, 0.0, 0.0, 0.0, 0.0], [-6.401774762005945, 0.15084112909346808, -0.6912594625410121, 0.10024651946487878, 0.3272443665570755, -0.19512556684833626, -0.4816694541518399, -0.011533231150512153, 0.32686458141817526, -0.8226817206323942, 0.6611992248070699, 2.244755764572496, -1.6585440497751973, 0.6801622859746258, 0.022159930528984708, -1.1933770083068462, -0.6346133546153395, 1.2922265648606175, 0.3975697658302124, -0.11105497127864176, 0.0, 8.865555590895005, -0.2644285906980358, 2.117702510147314, -1.122895336967987, -2.5637331099647254, 0.4018199734425391, 0.9570689594795094, -0.25278839470304665], [6.7262084289638375, 5.114000179217169, -0.8452298380973119, 0.06888525841455509, 0.05752390101642429, -1.3443704275922745, 0.43810011737190885, 1.7091218620759927, -0.11810422021838496, -1.0649889969277921, -0.521706164296739, 0.1714046962070848, 0.1778916832313214, 0.24407115938180382, 0.5533424799812157, -0.41561268629469444, 1.1692456157728168, 0.4844037454810431, 0.18177081450037882, -0.6043040039595814, 0.0, -0.26442859069803465, 8.37627026753242, -3.7672088818211753, 0.5897214108152719, 0.13168435623128147, 1.7881382907283412, 0.4799633388097546, 1.3726005978579818], [-20.13541479357962, -0.4225986310068187, -1.907168197463969, -0.6823521641170275, -1.3491092588786886, -6.855165190479974, -8.220159280342699, -2.903072306205625, -1.0141131297086683, -0.1570182768361551, 10.448629018811362, -3.04690605690346, -1.215825419272555, 3.1609716497835674, -2.054696119520903, 0.4906950534822397, -0.5211643569976646, 6.386275394709496, -1.289787574990009, -0.7280162087357166, 0.0, 2.117702510147312, -3.7672088818211784, 24.021152149628925, 0.26189444782666255, 0.29318714557688413, 2.209401998594215, 0.2402261277639569, -0.6862180239362105], [-0.02157752457321957, -0.22628088031393934, 0.5497451396631785, -1.0795475557663887, -0.07781662559133375, -0.09114062763324286, 0.033323365440127796, 0.42308646305694925, -0.17086709615642823, 0.01327490765801407, 0.778080002160511, -0.09532008091281854, 0.6142982136568279, 0.2823352344379936, -0.19478311542073629, 0.4843112781326691, -0.15855146092362946, 0.5226796474174278, -0.050191798111104344, -0.3548566312547696, 0.0, -1.1228953369679868, 0.5897214108152713, 0.2618944478266647, 2.1983319834941786, -0.23082259954639997, -0.8472933348097085, 0.02200472008410192, 0.018924517915123645], [-11.672077324453257, 5.691673936745206, -1.528398457952634, -17.20551025605744, -2.616293888382586, 6.448818964155797, 0.39824031732170273, -28.13784240430959, -3.919736098332273, 1.1046678361766828, -1.69029290199426, -1.5592722358516258, 3.729044477635404, 2.3383851519536427, -1.0446713019356875, -1.6952583888367394, -0.33350031054984974, -7.344131585864212, -0.7354964876335657, -0.6968673539163165, 0.0, -2.563733109964725, 0.1316843562312649, 0.2931871455768805, -0.2308225995464026, 45.12231489852349, 5.408261362772158, -0.6847235677941917, -12.67431714843431], [-8.186064635574692, 7.349517087188205, -35.26082799929413, 23.116509450108072, -0.5843451233428175, -6.596116384880451, -1.8981662595198212, -5.1073143483467, -1.2674282249135451, 0.6747023150627564, 0.36750015320457097, 1.1972476545962356, -5.721436558281822, 4.334832917164741, -0.025840511397622192, -0.9631984405080073, 0.6577700295038054, 0.5039062437176982, -0.9520214809686653, -0.8087227812124566, 0.0, 0.40181997344254783, 1.788138290728336, 2.209401998594248, -0.8472933348097136, 5.408261362772089, 44.10592090599836, -0.23379463587325264, 1.230236617290607], [-0.1565846688483556, 0.49109792104469163, -0.04136540353390269, 0.06850880089659031, -0.9177767526165541, -0.9494802224201339, 0.14779587876933756, -0.6162180489470206, 0.021734961443804643, -0.2023845403393867, 0.03525620435274265, 0.09030446225642325, -0.6323945301195776, -0.6111014958506363, 1.2319012555303244, 0.004071167059050342, 1.8930716455357153, 1.5579305232295038, 0.250315391428902, -0.01729327815653396, 0.0, 0.9570689594795102, 0.4799633388097553, 0.24022612776395644, 0.02200472008410225, -0.6847235677941993, -0.23379463587325816, 3.096672900004373, -0.6810862776081117], [4.623990891156224, 0.7778983864829985, -1.15039055984033, 20.808661865219793, 0.705640797329691, -6.5328532264732795, -1.509863783763686, 0.9740328027338231, 1.1015750720138964, -0.11204715846751323, 0.34627594698732495, 1.0997219868491208, -1.9996963551892502, 0.019491719649573285, 0.6988606650449191, -1.7660210750330725, 0.29591853527245976, 2.4892125307116175, -0.0790663418034699, 0.3919238687087602, -0.0, -0.2527883947030452, 1.3726005978579843, -0.6862180239362028, 0.01892451791512401, -12.674317148434303, 1.230236617290578, -0.6810862776081136, 12.888678498587693]], "cov_matrix_reg": [[0.3326703267172264, 0.013000473928505531, 0.11438226588959212, 0.06955714818044013, -0.1449563997834156, 0.15997679800395312, 0.0516692845824943, 0.040916685567539836, 0.1110442871829049, 0.11672800866165366, -0.1532162523408446, -0.1646382959558466, -0.008233754080548552, 0.3154946307573849, -0.09373352690453456, 0.005042876661613804, -0.08648493957515234, 0.03475389503610303, 0.11932632295113485, 0.27181689702782924, 0.0, 0.2450659106137775, -0.11622972558916655, 0.30053790282415627, 0.21364208714972277, 0.09887551728679453, 0.10719561883853015, 0.11176215486636275, -0.0030166580643055116], [0.013000473928505531, 0.16101906976155184, -0.05659917914991457, -0.02262375503322929, 0.04957436878873276, -0.05293889940053465, 0.19723466499216147, 0.10445928271470671, -0.06667256099191657, -0.03876027493032891, 0.02668825411557428, 0.03588001889747374, -0.0017166341669892712, 0.03632833398152524, -0.011015564218139847, -0.01064168472539285, 0.0707015681032081, 0.0395979448491661, 0.013977011849041873, -0.045827824313110194, 0.0, 0.011144762088914234, -0.16596016619024398, 0.03175320987073694, 9.742550209690309e-05, 0.08496780444189811, -0.06143241802807759, -0.01528887827817954, 0.10355852514302367], [0.11438226588959212, -0.05659917914991457, 0.5491390911018398, -0.010274659918435597, -0.13345423752184318, 0.21584900306064692, -0.1658102168994935, -0.13347100927303376, 0.2053075608237283, 0.13733628601050923, -0.16701703429798395, -0.20091197354725251, 0.000658702486918948, 0.0991302259835991, -0.11468156238695484, 0.00023635828303208186, -0.14097921645829628, -0.05365810027227258, 0.02440518140647961, 0.21580097644106142, 0.0, 0.09751203142727109, 0.06213238342387473, 0.12486206516747701, 0.16169817819485968, -0.13949738526362232, 0.5031473021751403, 0.17542731421613827, -0.020201694837480834], [0.06955714818044013, -0.02262375503322929, -0.010274659918435597, 0.2451667039176889, 0.00010672435811630926, 0.2189151740330588, 0.03562254102175224, 0.2041552708576869, -0.034136783566612344, -0.010631297909339248, 0.051280797002619415, 0.08484829858626218, -0.002342509216281442, 0.1182034800684795, 0.03855666608866071, 0.023868269582110864, 0.028792700374242863, 0.07915059038020131, 0.130439351913171, 0.1735571040480937, 0.0, 0.04176463862443367, 0.03946478348032653, 0.1341136270725329, 0.04935066230900677, 0.20247821400566854, -0.10113789308218435, 0.022793491631773556, -0.13255254868664462], [-0.1449563997834156, 0.04957436878873276, -0.13345423752184318, 0.00010672435811630926, 1.1612976384251104, -0.10579820775433861, 0.44398107124719605, 0.19591589309579374, -0.20309872938753362, -0.26100326221313186, 0.5146587109996782, 0.2020070215349628, 0.022815497100353473, -0.10812675331982197, 0.14957102667486336, -0.0246641800494188, 0.4497470381647, 0.11651662513739101, 0.04813334030573469, -0.1261546993533226, 0.0, -0.1421512576167227, -0.16335612834392707, -0.12001606292034037, -0.18790282983139625, 0.25329450139671794, -0.1338259560979819, 0.03553903396211874, 0.1766993397732455], [0.15997679800395312, -0.05293889940053465, 0.21584900306064692, 0.2189151740330588, -0.10579820775433861, 0.4648434195569664, -0.04855992447534369, 0.07111902277427841, 0.1536833577018088, 0.026396571843409763, -0.03431020793599614, -0.04134339045907305, -0.0018848606975793505, 0.2391132727533073, -0.06509961174281718, 0.008841841736821366, 0.039554786967710046, 0.0917832071581738, 0.1823221600350512, 0.3772698317052288, 0.0, 0.09284716782859877, 0.08256550179844666, 0.2372518658673801, 0.14336775485820927, 0.09043082667863692, 0.14062143032371224, 0.0804518927477334, -0.10617841337895549], [0.0516692845824943, 0.19723466499216147, -0.1658102168994935, 0.03562254102175224, 0.44398107124719605, -0.04855992447534369, 0.6717635662188247, 0.3152862047801397, -0.1903834416791276, -0.2821622935556149, 0.4394251126999639, 0.3344554683871719, 0.006590007847166515, 0.11613936059218478, 0.1763646650287845, -0.01897477934820385, 0.4430155441483688, 0.1866078245325308, 0.08061702443607302, -0.0040465104385497925, 0.0, -0.017410278733295953, -0.3422079877494106, 0.08923927084254943, -0.10198551157683952, 0.34756067921799566, -0.18411503558971706, -0.1716831519000121, 0.2110447657640953], [0.040916685567539836, 0.10445928271470671, -0.13347100927303376, 0.2041552708576869, 0.19591589309579374, 0.07111902277427841, 0.3152862047801397, 0.4977710213656994, -0.3543999044316465, -0.10745453479879309, 0.22692403015975163, 0.2465226813297765, -0.007700634220785603, 0.0957507378834712, 0.16735979307210994, 0.04980857280220519, 0.1725327156773601, 0.15939908280736606, 0.08387893151302024, 0.03586034514375913, 0.0, 0.04761967992563772, -0.2070771755828892, 0.09738731853542787, -0.03756717403252186, 0.46658159421276174, -0.22588951241579805, 0.013044885877263993, 0.13474691559930443], [0.1110442871829049, -0.06667256099191657, 0.2053075608237283, -0.034136783566612344, -0.20309872938753362, 0.1536833577018088, -0.1903834416791276, -0.3543999044316465, 0.6065595794109692, 0.0963306530005132, -0.21344673792044888, -0.23637176706986043, 0.008583272810569819, 0.09527070714569745, -0.2111582457944399, -0.054639856479260014, -0.12213359648016121, -0.03302682283039991, 0.08052218048558644, 0.15601198490416768, 0.0, 0.04052617307646822, 0.15166216493878237, 0.10145995742819491, 0.14427749090542769, -0.28422598350318284, 0.23773950654698944, 0.013979652925230004, -0.19551686312235697], [0.11672800866165366, -0.03876027493032891, 0.13733628601050923, -0.010631297909339248, -0.26100326221313186, 0.026396571843409763, -0.2821622935556149, -0.10745453479879309, 0.0963306530005132, 0.6663821421317485, -0.34687964791083364, -0.41568492672638696, -0.003071796913320008, 0.06952138274055432, -0.19325637353463265, 0.044315328970222743, -0.5565435493302326, -0.20609344917162412, -0.16405324818703013, 0.11996867036399614, 0.0, 0.1858861967996054, 0.16993541475293017, 0.1008339942912381, 0.144432367699318, -0.13814849582141525, 0.13843603383159048, 0.42274208072603836, -0.03715762794783829], [-0.1532162523408446, 0.02668825411557428, -0.16701703429798395, 0.051280797002619415, 0.5146587109996782, -0.03431020793599614, 0.4394251126999639, 0.22692403015975163, -0.21344673792044888, -0.34687964791083364, 0.723110552022548, 0.4921704935202162, 0.0014986668827458509, -0.12193228809967567, 0.29414639016061317, -0.016486784391379725, 0.5616755701514652, 0.1027930056135485, -0.058903901564096695, -0.1413144834123667, 0.0, -0.17456295429532487, -0.1386917644923178, -0.170636023439774, -0.25543778337013984, 0.24406524976094773, -0.19130104145114063, -0.2731694246074087, 0.0980865715138349], [-0.1646382959558466, 0.03588001889747374, -0.20091197354725251, 0.08484829858626218, 0.2020070215349628, -0.04134339045907305, 0.3344554683871719, 0.2465226813297765, -0.23637176706986043, -0.41568492672638696, 0.4921704935202162, 0.6476227346991241, 0.004901471830870474, -0.09257347545313334, 0.3628282733967029, -0.02759812060245549, 0.5242690680175882, 0.2351529263799455, 0.057589013879359115, -0.15261930171748472, 0.0, -0.22672296613277665, -0.12087302672952588, -0.13204746747469484, -0.24195114175516494, 0.24020429552774758, -0.25001016402690285, -0.458899746247395, 0.001183976729660943], [-0.008233754080548552, -0.0017166341669892712, 0.000658702486918948, -0.002342509216281442, 0.022815497100353473, -0.0018848606975793505, 0.006590007847166515, -0.007700634220785603, 0.008583272810569819, -0.003071796913320008, 0.0014986668827458509, 0.004901471830870474, 0.021415469352020506, -0.005137929849590387, -0.0013443213410807137, -0.005179749143491831, 0.00669548155965837, 0.012662402753171261, 0.0024842485611003603, -0.003947627607430784, 0.0, -0.007962622760526675, 0.0038274165398513235, -0.004926504903893816, -0.010173542704441813, -0.0062968623671555085, 0.003774849501744134, -0.0022711654899268065, -0.0024249834591686093], [0.3154946307573849, 0.03632833398152524, 0.0991302259835991, 0.1182034800684795, -0.10812675331982197, 0.2391132727533073, 0.11613936059218478, 0.0957507378834712, 0.09527070714569745, 0.06952138274055432, -0.12193228809967567, -0.09257347545313334, -0.005137929849590387, 0.39915967575534567, -0.06594469659513505, 0.011593457442973803, -0.01772867278276688, 0.10104241689499797, 0.17976320807508056, 0.3040721257343011, 0.0, 0.2077844590379975, -0.12370737637923507, 0.31974346153539346, 0.18368615046697315, 0.1475688178679483, 0.06748431567437996, 0.08791465913290492, -0.006411989712991753], [-0.09373352690453456, -0.011015564218139847, -0.11468156238695484, 0.03855666608866071, 0.14957102667486336, -0.06509961174281718, 0.1763646650287845, 0.16735979307210994, -0.2111582457944399, -0.19325637353463265, 0.29414639016061317, 0.3628282733967029, -0.0013443213410807137, -0.06594469659513505, 0.4225037959934916, -0.027025551940889035, 0.16182141033538916, 0.12647857888955422, -0.04860266770186179, -0.10306914802872112, 0.0, -0.12631815138200436, -0.05545387270737707, -0.08121458358672999, -0.14953906172775866, 0.1595104523785347, -0.1410256833110154, -0.2396743686404926, 0.011090242069731714], [0.005042876661613804, -0.01064168472539285, 0.00023635828303208186, 0.023868269582110864, -0.0246641800494188, 0.008841841736821366, -0.01897477934820385, 0.04980857280220519, -0.054639856479260014, 0.044315328970222743, -0.016486784391379725, -0.02759812060245549, -0.005179749143491831, 0.011593457442973803, -0.027025551940889035, 0.2531628907829951, -0.04742036289182821, -0.033153197182735905, -0.038101050106711026, 0.03328435382617407, 0.0, 0.06356399730711365, 0.013851867094975257, 0.003009084232651867, -0.019201878097178104, 0.06357853565026252, -0.011639509801667614, 0.08081759012290886, 0.07745847291915943], [-0.08648493957515234, 0.0707015681032081, -0.14097921645829628, 0.028792700374242863, 0.4497470381647, 0.039554786967710046, 0.4430155441483688, 0.1725327156773601, -0.12213359648016121, -0.5565435493302326, 0.5616755701514652, 0.5242690680175882, 0.00669548155965837, -0.01772867278276688, 0.16182141033538916, -0.04742036289182821, 0.9548955600190604, 0.3067505684439748, 0.2028538065991801, -0.10040746862240954, 0.0, -0.144700443979964, -0.25656040356354115, -0.10102584336644095, -0.16170979130693866, 0.22715392845670213, -0.1517619587735483, -0.5877136282749065, 0.08282555279602094], [0.03475389503610303, 0.0395979448491661, -0.05365810027227258, 0.07915059038020131, 0.11651662513739101, 0.0917832071581738, 0.1866078245325308, 0.15939908280736606, -0.03302682283039991, -0.20609344917162412, 0.1027930056135485, 0.2351529263799455, 0.012662402753171261, 0.10104241689499797, 0.12647857888955422, -0.033153197182735905, 0.3067505684439748, 0.39511737282038795, 0.1917836363789816, -0.009166262221837976, 0.0, -0.03277276899982819, -0.1498283298918797, 0.024790893179917194, -0.05072868977491295, 0.20712335937713802, -0.08474795147236346, -0.30078533102851607, 0.0018211671524832568], [0.11932632295113485, 0.013977011849041873, 0.02440518140647961, 0.130439351913171, 0.04813334030573469, 0.1823221600350512, 0.08061702443607302, 0.08387893151302024, 0.08052218048558644, -0.16405324818703013, -0.058903901564096695, 0.057589013879359115, 0.0024842485611003603, 0.17976320807508056, -0.04860266770186179, -0.038101050106711026, 0.2028538065991801, 0.1917836363789816, 0.5771525428161454, 0.2199675435191573, 0.0, 0.02834310442223749, -0.0625596735200788, 0.18287769285558453, 0.10226061515046321, 0.12998217242934765, -0.010507948844606528, -0.14221092871784727, -0.0800286231016311], [0.27181689702782924, -0.045827824313110194, 0.21580097644106142, 0.1735571040480937, -0.1261546993533226, 0.3772698317052288, -0.0040465104385497925, 0.03586034514375913, 0.15601198490416768, 0.11996867036399614, -0.1413144834123667, -0.15261930171748472, -0.003947627607430784, 0.3040721257343011, -0.10306914802872112, 0.03328435382617407, -0.10040746862240954, -0.009166262221837976, 0.2199675435191573, 0.9601327567510421, 0.0, 0.20252677023172322, 0.08995370243680803, 0.3650766240466084, 0.29985128897771796, 0.07732417096395844, 0.17648248242688558, 0.17606193851411334, -0.08902882151085335], [0.0, 0.0, 0.0, 0.0, 0.0, 0.0, 0.0, 0.0, 0.0, 0.0, 0.0, 0.0, 0.0, 0.0, 0.0, 0.0, 0.0, 0.0, 0.0, 0.0, 1e-05, 0.0, 0.0, 0.0, 0.0, 0.0, 0.0, 0.0, 0.0], [0.2450659106137775, 0.011144762088914234, 0.09751203142727109, 0.04176463862443367, -0.1421512576167227, 0.09284716782859877, -0.017410278733295953, 0.04761967992563772, 0.04052617307646822, 0.1858861967996054, -0.17456295429532487, -0.22672296613277665, -0.007962622760526675, 0.2077844590379975, -0.12631815138200436, 0.06356399730711365, -0.144700443979964, -0.03277276899982819, 0.02834310442223749, 0.20252677023172322, 0.0, 0.36576017661038884, -0.08198103942522453, 0.1989893410435059, 0.2527129812448547, 0.087554206277006, 0.09253456043777814, 0.14179791481127144, 0.05263723646233371], [-0.11622972558916655, -0.16596016619024398, 0.06213238342387473, 0.03946478348032653, -0.16335612834392707, 0.08256550179844666, -0.3422079877494106, -0.2070771755828892, 0.15166216493878237, 0.16993541475293017, -0.1386917644923178, -0.12087302672952588, 0.0038274165398513235, -0.12370737637923507, -0.05545387270737707, 0.013851867094975257, -0.25656040356354115, -0.1498283298918797, -0.0625596735200788, 0.08995370243680803, 0.0, -0.08198103942522453, 0.4753800996217165, -0.05117637675065659, -0.047506753731683796, -0.2345429562715172, 0.050131286275564096, 0.08191231256738467, -0.22613951508829264], [0.30053790282415627, 0.03175320987073694, 0.12486206516747701, 0.1341136270725329, -0.12001606292034037, 0.2372518658673801, 0.08923927084254943, 0.09738731853542787, 0.10145995742819491, 0.1008339942912381, -0.170636023439774, -0.13204746747469484, -0.004926504903893816, 0.31974346153539346, -0.08121458358672999, 0.003009084232651867, -0.10102584336644095, 0.024790893179917194, 0.18287769285558453, 0.3650766240466084, 0.0, 0.1989893410435059, -0.05117637675065659, 0.3968572901057485, 0.20408532519003664, 0.13220989643376768, 0.08483020342949815, 0.14785876166761044, -0.02611245700931568], [0.21364208714972277, 9.742550209690309e-05, 0.16169817819485968, 0.04935066230900677, -0.18790282983139625, 0.14336775485820927, -0.10198551157683952, -0.03756717403252186, 0.14427749090542769, 0.144432367699318, -0.25543778337013984, -0.24195114175516494, -0.010173542704441813, 0.18368615046697315, -0.14953906172775866, -0.019201878097178104, -0.16170979130693866, -0.05072868977491295, 0.10226061515046321, 0.29985128897771796, 0.0, 0.2527129812448547, -0.047506753731683796, 0.20408532519003664, 0.7380861134103056, -0.01175946659706688, 0.1616429697711285, 0.13570736818852747, -0.04300029493844483], [0.09887551728679453, 0.08496780444189811, -0.13949738526362232, 0.20247821400566854, 0.25329450139671794, 0.09043082667863692, 0.34756067921799566, 0.46658159421276174, -0.28422598350318284, -0.13814849582141525, 0.24406524976094773, 0.24020429552774758, -0.0062968623671555085, 0.1475688178679483, 0.1595104523785347, 0.06357853565026252, 0.22715392845670213, 0.20712335937713802, 0.12998217242934765, 0.07732417096395844, 0.0, 0.087554206277006, -0.2345429562715172, 0.13220989643376768, -0.01175946659706688, 0.5094306807987788, -0.22271461552244964, -0.011070550980554789, 0.1609846863936598], [0.10719561883853015, -0.06143241802807759, 0.5031473021751403, -0.10113789308218435, -0.1338259560979819, 0.14062143032371224, -0.18411503558971706, -0.22588951241579805, 0.23773950654698944, 0.13843603383159048, -0.19130104145114063, -0.25001016402690285, 0.003774849501744134, 0.06748431567437996, -0.1410256833110154, -0.011639509801667614, -0.1517619587735483, -0.08474795147236346, -0.010507948844606528, 0.17648248242688558, 0.0, 0.09253456043777814, 0.050131286275564096, 0.08483020342949815, 0.1616429697711285, -0.22271461552244964, 0.5298174535414214, 0.16584396159225506, 0.015800327642104855], [0.11176215486636275, -0.01528887827817954, 0.17542731421613827, 0.022793491631773556, 0.03553903396211874, 0.0804518927477334, -0.1716831519000121, 0.013044885877263993, 0.013979652925230004, 0.42274208072603836, -0.2731694246074087, -0.458899746247395, -0.0022711654899268065, 0.08791465913290492, -0.2396743686404926, 0.08081759012290886, -0.5877136282749065, -0.30078533102851607, -0.14221092871784727, 0.17606193851411334, 0.0, 0.14179791481127144, 0.08191231256738467, 0.14785876166761044, 0.13570736818852747, -0.011070550980554789, 0.16584396159225506, 1.0265902273955314, 0.12460041448286424], [-0.0030166580643055116, 0.10355852514302367, -0.020201694837480834, -0.13255254868664462, 0.1766993397732455, -0.10617841337895549, 0.2110447657640953, 0.13474691559930443, -0.19551686312235697, -0.03715762794783829, 0.0980865715138349, 0.001183976729660943, -0.0024249834591686093, -0.006411989712991753, 0.011090242069731714, 0.07745847291915943, 0.08282555279602094, 0.0018211671524832568, -0.0800286231016311, -0.08902882151085335, 0.0, 0.05263723646233371, -0.22613951508829264, -0.02611245700931568, -0.04300029493844483, 0.1609846863936598, 0.015800327642104855, 0.12460041448286424, 0.4461002187791639]]}